5.848389239812853413e-01
6.349505379207200928e-01
6.368214373606536638e-01
5.561606683253776939e-01
5.043939159177347475e-01
3.667560166513174624e-01
2.253146495789304926e-01
-2.058889065581782224e-02
-1.750976008052162469e-01
-2.782338614906846308e-01
-4.053708456001535732e-01
-4.074471785845739658e-01
-2.033925062892715518e-01
-5.704637033753454795e-02
7.998122989299674690e-02
-3.995880405765785126e-02
-2.471287653445985999e-01
-4.106616300852565793e-01
-4.741291456407605298e-01
-3.771963066939570952e-01
-3.278298330976587849e-01
-3.390915381121846761e-01
-3.618438146053594151e-01
-3.814013221716283097e-01
-4.989321010846939908e-01
-6.513620962302337780e-01
-9.516961594192017149e-01
-1.094850894523607954e+00
-8.922929588358190500e-01
-5.103392086404330286e-01
-1.255694928275140620e-01
2.344184037054916347e-01
5.230269809016173665e-01
8.073803979010643062e-01
1.007266125889230812e+00
9.554003564151554162e-01
9.080475727599903735e-01
8.819250002668285182e-01
7.911822624257698333e-01
5.678548662727028740e-01
3.952393088825041367e-01
2.826612654399508484e-01
2.589688828001890375e-01
2.554398652092300659e-01
1.845173512906476965e-01
3.923288368194089576e-02
-2.429075279085738670e-01
-3.526287871613740799e-01
-2.826180679898863124e-01
-1.537894198079782782e-01
-1.319782015901150574e-01
3.057300622987484465e-02
1.365441792621280848e-01
2.432591353982330173e-01
2.199458344700155887e-01
1.168832845747225652e-01
-6.621281549758462059e-02
-2.923087871738958010e-01
-3.704768214991686626e-01
-4.346788012546275448e-01
-1.449400531815851212e-01
7.880656839739216823e-02
3.733476968567086551e-01
5.360358795608529681e-01
7.631802310554050006e-01
9.660421556946385824e-01
1.155571205750506758e+00
1.275482717516945863e+00
1.370774468556964276e+00
1.341391150702605506e+00
1.157309236452494616e+00
9.313360338417482343e-01
8.369016292889630559e-01
7.326926865195705352e-01
6.025003879640532523e-01
3.501957063120072489e-01
2.192385845950934053e-01
1.836350388056171290e-01
2.761678719745220834e-01
5.551674193468516538e-01
7.968962930883513041e-01
1.011642018493555506e+00
1.131548161736304348e+00
9.462371481969944487e-01
7.112086278583087395e-01
4.627023948425278421e-01
2.930590398003575237e-01
1.671551657052712803e-01
4.118219116275330383e-02
-9.093915400925876857e-03
-5.038720273859090965e-02
-3.060487628788894840e-02
-3.143907375652195413e-02
7.642677851699827829e-02
1.806643602236205626e-01
4.204281950237702681e-01
6.819707672809649512e-01
7.445978122861114379e-01
5.408593624153120727e-01
2.706120665135342551e-01
1.318647316141116077e-01
-7.399951934250377505e-02
-2.545931427740995567e-01
-4.319016058807628733e-01
-6.716559606946130856e-01
-9.898708273574239325e-01
-1.313861969484972025e+00
-1.492735537094087350e+00
-1.682012165641728618e+00
-1.919934384675588301e+00
-2.136505100696623138e+00
-2.332572347794536149e+00
-2.155384693230824045e+00
-1.883608008801734623e+00
-1.655914149065599528e+00
-1.523789625310888463e+00
-1.573402849254089464e+00
-1.688194022670785444e+00
-1.850678450137303255e+00
-1.887037864469120141e+00
-1.882700676625069791e+00
-1.716801537695110680e+00
-1.605513612275332180e+00
-1.549764701694676727e+00
-1.394945060422184246e+00
-1.212510748242496383e+00
-9.671871814213626184e-01
-7.021568301117878663e-01
-4.974148046090793862e-01
-2.451866785471317756e-01
-1.065289255593242224e-01
-1.572343058713805419e-01
-3.672696926792867189e-01
-6.021593416659065667e-01
-6.448093643293300037e-01
-5.503901251567669961e-01
-5.045077759068519185e-01
-2.876901941025172826e-01
2.950413721015280807e-02
3.799111033188465880e-01
7.834293662686444559e-01
1.091996437488653715e+00
1.242486111344803357e+00
1.047956992770684659e+00
7.093793017910848819e-01
3.933871264753451280e-01
1.968532213581667689e-01
-1.082441775394902689e-01
-2.579248827404513889e-01
-4.075456988179501638e-01
-4.578485307822980910e-01
-5.371949778560188848e-01
-5.868067746916402205e-01
-6.093917963406783045e-01
-7.732095695767869925e-01
-7.626324538150777155e-01
-7.861167036644759465e-01
-8.764966250824089977e-01
-9.252172028203144993e-01
-1.029808858210234712e+00
-9.831597547003617654e-01
-9.440750169259046753e-01
-7.483956765018169310e-01
-4.373133570802587577e-01
-2.974959724241558190e-01
-3.416377139495838655e-01
-4.772712332712407135e-01
-4.590013208641959830e-01
-3.763593716344909579e-01
-3.171288542755228979e-01
-4.228483037252178667e-01
-4.435364334098809702e-01
-6.063983470068124992e-01
-6.912319337752845794e-01
-7.281661626276060284e-01
-7.686650201855484976e-01
-7.236874230831518151e-01
-8.754321472653592284e-01
-1.128634656820485471e+00
-1.345673252291948119e+00
-1.609373019416240780e+00
-1.748568409775772325e+00
-1.871324718409302479e+00
-1.997841039193346102e+00
-2.185207598725174893e+00
-2.247037812870221529e+00
-2.302932175800351366e+00
-2.248236210349010999e+00
-2.170735796775518978e+00
-2.060164870815189619e+00
-1.663583505990269718e+00
-1.226621200750423357e+00
-7.810985862710015937e-01
-3.762678998088124782e-01
-1.357164316821682093e-01
6.094999059300069966e-02
2.283178899713478871e-01
2.850236677062488733e-01
5.867025247099216800e-01
7.979920949869843128e-01
