2.536790123785646056e+00
2.397442392794613575e+00
1.676541006556359292e+00
2.730942106287842286e+00
2.529033280897383662e+00
9.749937394496639431e-01
1.780954746490436946e+00
-2.387126850885912255e-02
5.797742471463326330e-01
-1.383444070331196762e-03
3.493879410709932465e-01
-7.668315868818159631e-01
-2.197882438194779464e+00
-9.825810635025837847e-01
4.891044554860960458e-01
-2.900573231958017417e-01
-9.325484688727601057e-01
2.667721640480767986e-01
8.588646959967942696e-01
3.100108947302112394e+00
3.892001074794471549e+00
4.567427278740042063e+00
3.947879939976525421e+00
5.541742706021358877e+00
6.388227002496798868e+00
4.510737901434493047e+00
2.941878273463580218e+00
2.848026527421815945e+00
2.709761069191409799e+00
2.028914374995713921e+00
1.351714219708393339e+00
3.110316683614896549e-01
3.285121404482341800e-01
-7.305440210878468843e-01
-6.414502213995887381e-02
-5.405297635259468381e-01
-4.760792436602045985e-01
-1.489196285230699024e+00
-1.703830500752611332e+00
-2.211066079889752345e+00
-2.388108890889319547e+00
-2.844244864266618489e+00
-1.096638311736936044e+00
-1.334682176724380165e+00
2.062684504556202114e+00
3.273830151755668272e+00
3.430190158190852934e+00
2.115835536430720420e+00
1.908825872326006756e+00
1.110455300017771485e+00
2.046575189988180998e+00
4.332159345588046051e+00
1.728086747889500119e+00
2.315090431444277286e+00
4.236084055184043073e+00
3.686546318681748424e+00
2.940130007156955827e+00
3.942428978392520378e+00
3.152175112902857013e+00
4.760738636342756180e-01
-1.794779346996684399e-01
-1.758808369043453057e-01
-1.363051891246573222e+00
-9.428328761060812413e-01
-1.307252090742112571e+00
-1.305354600733439785e+00
-1.952139284060500302e+00
-1.712226078091976245e+00
-8.600970327053932829e-01
-2.445523679547922935e-01
-4.568073075534145877e-01
3.303883478372439675e-01
4.312239092475635416e-01
1.195833517752623365e+00
6.119447301579281628e-01
1.585347644447012705e+00
7.710997257349175849e-01
6.473810475521613039e-01
2.504751791381388593e+00
4.222557305847282727e+00
3.847371925703491957e+00
3.167583851466545308e+00
2.424366399728840271e+00
6.130115974847050175e-02
-2.927634644428500077e-01
-1.080153813215940950e+00
-1.451156892216421079e+00
-2.282020685692277340e+00
-1.309068140531024049e+00
-1.163334309891906893e+00
1.069667925972381806e-01
9.402742924427750504e-01
2.211938984786583351e+00
2.079234447665637919e+00
2.005604863414800487e+00
-9.553784023311651108e-01
-1.717766729470165510e+00
-1.634540308482463900e-01
-3.153319015768926703e-02
-7.416610253214312998e-01
