9.962189999999999657e-01 2.722014400000000167e-01 8.653333299999999895e+00
1.987164500000000000e+00 4.599306699999999637e+00 8.803333300000000250e+00
1.713554400000000033e+00 3.881576400000000149e+00 9.460000000000000853e+00
1.787339199999999906e+00 3.976175899999999874e+00 9.429999999999999716e+00
1.706048999999999927e+00 5.631129200000000168e+00 9.686666699999999963e+00
1.470284799999999947e+00 3.753465499999999899e+00 1.055666699999999913e+01
7.318919000000000397e-01 3.463225099999999834e+00 1.139000000000000057e+01
5.834072099999999539e-01 3.433497500000000091e+00 9.266666700000000034e+00
6.928833500000000090e-01 3.655295600000000089e+00 8.476666700000000887e+00
6.131350300000000253e-01 3.622194900000000217e+00 7.923333300000000357e+00
1.312422500000000047e+00 2.479090699999999980e+00 7.900000000000000355e+00
5.229345199999999583e-01 4.057203999999999589e+00 8.103333299999999184e+00
7.007351400000000341e-01 2.074123900000000020e+00 7.826666699999999643e+00
1.528917599999999877e-01 -1.951818499999999901e+00 6.919999999999999929e+00
7.105120099999999717e-01 2.438288599999999917e+00 6.206666700000000425e+00
2.606238699999999797e-01 2.785779600000000134e+00 6.266666700000000034e+00
3.946149999999999936e-01 4.799097800000000191e+00 6.219999999999999751e+00
8.607704600000000150e-01 4.506421800000000033e+00 6.650000000000000355e+00
6.791947900000000482e-01 4.222913100000000419e+00 6.843333300000000285e+00
1.515115900000000071e+00 3.716635300000000086e+00 6.916666700000000390e+00
2.756414400000000153e-01 3.109271399999999907e+00 6.663333299999999682e+00
1.066143800000000086e+00 4.562353400000000114e+00 7.156666699999999715e+00
3.440770499999999954e-01 4.847177799999999870e+00 7.983333299999999966e+00
1.134088299999999938e+00 4.346051899999999968e+00 8.470000000000000639e+00
8.806585099999999500e-01 4.518576799999999949e+00 9.443333300000000818e+00
4.804122800000000248e-01 6.414052400000000098e+00 9.726666700000000887e+00
5.323266500000000123e-01 3.115364200000000139e+00 9.083333299999999610e+00
6.916599900000000578e-02 4.045815700000000348e+00 8.613333300000000747e+00
9.941875599999999702e-01 6.827000400000000191e+00 8.250000000000000000e+00
4.625427099999999958e-02 3.937855599999999789e+00 8.243333299999999753e+00
-2.212193100000000023e-01 6.850007699999999922e+00 8.160000000000000142e+00
-1.005985200000000024e+00 6.734673500000000423e+00 7.743333299999999753e+00
-8.261893300000000551e-01 2.979159699999999855e+00 6.426666700000000176e+00
3.808438199999999996e-01 2.367454500000000017e+00 5.863333299999999859e+00
2.177064099999999891e-01 3.037369200000000102e+00 5.643333300000000108e+00
2.038567699999999927e-01 3.305000600000000066e+00 4.816666699999999857e+00
7.818915800000000305e-01 2.701409200000000066e+00 4.023333300000000001e+00
6.917785400000000529e-01 3.065149100000000182e+00 3.770000000000000018e+00
7.031302299999999672e-01 3.041839799999999983e+00 3.256666699999999803e+00
8.181439400000000139e-01 3.488531200000000165e+00 3.036666700000000052e+00
-1.704396300000000086e-01 2.899580100000000105e+00 3.040000000000000036e+00
2.222102900000000048e-01 2.878712399999999949e+00 3.000000000000000000e+00
2.278119200000000011e-01 1.846299099999999971e+00 3.060000000000000053e+00
1.051612200000000108e+00 3.302013699999999830e+00 2.990000000000000213e+00
7.299667300000000081e-01 2.004560000000000120e+00 3.213333299999999948e+00
1.007098599999999955e+00 2.265781500000000115e+00 3.939999999999999947e+00
2.672498799999999952e-01 3.688320299999999996e+00 4.486666699999999786e+00
8.720411099999999527e-01 2.321435099999999974e+00 5.166666700000000390e+00
-2.098764300000000027e-03 2.927166800000000180e+00 5.809999999999999609e+00
-1.277162900000000101e-01 3.256701899999999927e+00 6.019999999999999574e+00
4.960957799999999862e-01 2.011153000000000191e+00 5.796666700000000283e+00
4.041281099999999848e-01 2.174627500000000158e+00 5.719999999999999751e+00
3.626418499999999878e-01 3.540992600000000046e+00 5.363333299999999859e+00
1.285689599999999988e+00 3.424678500000000181e+00 5.243333299999999753e+00
4.883154399999999895e-01 2.295192800000000144e+00 5.306666700000000070e+00
8.094748899999999470e-01 3.460302200000000106e+00 5.280000000000000249e+00
3.991970699999999872e-01 2.429581199999999885e+00 5.276666699999999821e+00
1.148712500000000025e+00 9.177186200000000404e-01 5.523333300000000001e+00
8.757500200000000179e-01 1.995016600000000029e+00 5.533333299999999788e+00
3.717821800000000176e-01 2.150098199999999959e+00 5.506666700000000247e+00
7.306962700000000366e-01 8.238931900000000530e-01 5.519999999999999574e+00
2.958492899999999870e-01 1.314709499999999975e+00 5.500000000000000000e+00
7.823258899999999683e-01 2.045621699999999876e+00 5.533333299999999788e+00
1.146072600000000108e+00 1.872776999999999914e+00 4.860000000000000320e+00
4.657748600000000128e-01 1.459559700000000015e+00 4.733333299999999966e+00
4.715220299999999809e-01 2.983584000000000014e+00 4.746666699999999572e+00
8.166980600000000035e-01 2.961494300000000024e+00 5.093333300000000285e+00
1.425586900000000101e+00 2.939729199999999931e+00 5.306666700000000070e+00
-5.020526100000000103e-02 3.860197400000000112e+00 5.676666700000000176e+00
1.229020999999999919e+00 3.201578800000000058e+00 6.273333300000000001e+00
-4.453448999999999880e-01 3.638852200000000092e+00 6.519999999999999574e+00
1.865199300000000004e-01 2.841521000000000186e+00 6.473333300000000179e+00
-4.641557299999999886e-01 3.656471900000000108e+00 5.593333300000000285e+00
-2.522444899999999948e-02 3.172222099999999934e+00 4.326666699999999643e+00
-6.828141899999999875e-01 9.768014600000000103e-01 3.496666700000000017e+00
6.522021299999999910e-02 -5.256735900000000239e-01 2.133333299999999877e+00
5.071860500000000549e-01 1.275439500000000059e+00 1.733333299999999966e+00
2.654441499999999898e-01 3.430936599999999892e+00 1.750000000000000000e+00
3.203995900000000119e-01 2.221816500000000083e+00 1.739999999999999991e+00
-1.338478800000000024e-01 1.915641900000000009e+00 1.443333299999999930e+00
